124
124
139
231
252
176
55
26
85
170
218
216
7
0
0
0
132
116
0
0
0
0
87
154
198
242
138
91
183
230
243
231
175
94
41
43
93
162
214
224
194
138
84
60
74
114
158
182
179
157
123
54
56
83
113
131
142
144
144
147
155
165
172
174
171
184
202
175
154
139
129
118
108
100
97
98
105
113
117
95
75
89
104
118
130
141
149
152
152
148
143
138
134
133
132
131
131
131
132
139
147
153
158
151
141
133
127
122
118
115
113
110
106
96
90
89
91
99
110
120
127
133
137
140
142
144
145
145
144
142
139
136
135
134
132
129
126
122
119
117
114
111
107
106
106
106
108
111
116
121
127
132
136
139
141
140
139
136
132
127
123
120
118
117
117
118
121
124
127
129
130
130
130
128
125
122
118
114
112
110
110
112
114
118
123
127
132
135
137
138
138
136
132
129
124
121
118
115
114
115
116
118
121
124
127
129
131
131
130
129
126
124
121
119
118
117
117
118
120
123
125
127
129
130
131
131
130
128
126
124
122
120
119
118
118
119
120
122
124
125
126
127
127
127
126
125
124
123
122
122
121
122
123
124
125
126
127
128
128
128
127
126
125
123
122
121
120
120
120
121
122
123
124
125
126
126
127
126
126
125
124
124
123
123
122
122
122
123
123
124
125
125
126
126
126
125
125
124
123
123
122
122
122
123
123
124
125
125
126
126
127
126
126
125
125
124
123
122
122
122
122
122
122
123
124
125
125
126
126
126
126
125
124
124
123
122
122
121
121
122
122
123
124
124
125
126
126
127
127
126
126
125
125
124
123
123
123
122
123
123
123
123
124
124
125
125
125
125
125
125
124
124
124
123
123
123
124
123
124
124
124
124
124
124
124
124
124
123
123
123
122
123
123
124
124
124
125
125
125
125
125
125
124
124
124
124
124
124
123
123
124
124
124
124
124
124
124
124
124
124
124
124
124
124
124
124
123
124
124
125
125
125
125
124
124
124
124
123
123
123
123
123
123
123
124
124
124
124
124
124
124
124
124
124
124
124
124
124
124
124
124
124
124
125
124
124
124
124
124
124
124
124
124
123
123
123
124
124
124
124
124
124
124
124
124
124
124
124
124
124
124
124
124
124
124
124
124
124
124
124
124
124
124
124
124
124
124
124
124
124
124
124
124
124
124
124
124
124
124
124
124
124
124
124
124
123
124
123
123
123
124
124
124
124
124
124
124
124
124
124
123
124
124
124
124
124
124
124
124
124
124
124
124
124
124
124
124
124
124
124
124
124
124
124
124
124
124
124
124
124
124
123
123
123
123
124
124
124
124
124
124
124
124
124
124
124
124
124
124
123
124
124
124
124
124
124
124
124
124
124
124
124
124
124
124
124
124
124
124
124
124
124
124
124
124
124
124
124
124
124
124
124
124
124
124
123
123
123
124
124
124
124
124
124
124
124
124
124
124
124
124
124
124
124
124
124
124
124
124
124
124
124
124
124
124
124
124
124
124
124
124
124
124
124
124
124
124
124
124
124
124
124
124
124
124
124
124
124
124
124
124
124
124
124
124
124
124
124
124
124
124
124
124
124
124
124
124
124
124
124
124
124
124
124
124
124
124
124
124
124
124
124
124
124
124
124
124
124
124
124
124
124
124
124
124
124
124
124
124
124
124
124
124
124
124
124
124
124
124
124
124
124
124
124
124
124
124
124
124
124
124
124
124
124
124
124
124
124
124
124
124
124
124
124
124
124
124
124
124
124
124
124
124
124
124
124
124
124
124
124
124
124
124
124
124
124
124
124
124
124
124
124
124
124
124
124
124
124
124
124
124
124
124
124
124
124
124
124
124
124
124
124
124
123
124
124
124
124
124
124
124
124
124
124
124
124
124
124
124
124
124
124
124
124
124
124
125
125
125
124
124
124
124
124
124
124
124
124
124
124
124
124
124
124
124
124
124
124
124
124
123
123
123
123
123
123
123
123
123
123
123
123
123
123
123
123
123
123
123
123
123
123
123
124
124
124
124
124
124
125
125
125
125
125
125
125
125
126
126
126
126
126
126
126
126
126
126
126
125
125
125
125
125
125
124
124
124
124
123
123
123
123
122
122
122
122
122
122
122
121
121
121
121
121
121
122
122
122
122
122
123
123
123
123
124
124
124
124
125
125
125
126
126
126
127
127
127
127
127
127
127
127
127
127
127
126
126
126
125
125
125
125
124
124
124
123
123
123
123
122
122
121
121
121
121
121
121
121
121
121
121
122
121
121
122
122
122
122
123
123
123
124
124
124
125
125
126
126
126
126
126
127
127
127
127
127
127
127
127
127
126
126
126
126
125
125
125
124
124
123
123
123
123
122
122
122
122
121
121
121
121
121
122
122
122
122
122
122
122
123
123
123
123
124
124
124
125
125
125
125
125
126
126
126
126
127
126
126
126
126
126
126
126
126
126
125
125
125
124
124
124
124
123
123
123
122
122
122
122
122
122
122
122
122
122
122
122
122
122
122
123
123
123
123
123
124
124
124
125
125
125
125
125
126
126
126
126
126
126
126
126
126
126
125
125
125
125
125
125
125
124
124
124
123
123
123
123
123
122
122
122
122
122
122
123
123
123
123
123
122
122
123
123
123
123
123
124
124
125
126
126
126
127
127
127
127
126
126
125
125
124
124
123
123
123
123
123
123
124
124
124
125
125
125
125
125
124
124
124
123
123
122
122
121
121
121
121
122
122
123
123
123
124
125
125
125
126
126
126
125
125
125
124
124
124
124
124
124
124
124
124
124
125
125
125
126
126
125
125
125
125
125
124
123
123
123
122
122
122
122
121
122
122
122
123
123
124
124
124
125
125
125
125
125
125
124
124
124
124
123
123
123
123
123
124
124
124
124
125
125
125
125
126
126
126
125
125
125
124
124
124
124
124
123
123
123
123
123
123
123
123
124
124
124
124
124
124
124
124
124
123
123
123
123
123
123
123
123
123
123
123
124
124
124
124
125
125
125
125
126
125
125
125
125
125
124
124
124
124
124
123
123
124
123
124
124
124
124
124
124
124
124
125
124
124
124
124
123
123
123
123
123
123
123
123
123
123
123
123
124
124
125
125
125
125
126
126
125
125
125
124
124
124
124
123
123
123
123
123
124
124
124
124
124
125
125
125
125
125
124
124
124
123
123
123
123
123
122
123
123
123
123
123
124
124
124
125
125
125
124
124
124
124
124
124
124
123
123
124
124
124
124
125
125
125
125
125
125
125
125
125
124
124
124
124
123
123
123
123
123
123
123
124
124
124
124
124
124
124
124
124
124
123
123
123
123
123
123
123
124
124
124
124
124
124
124
125
125
125
125
125
124
124
124
124
124
124
124
124
124
124
124
124
124
124
124
124
124
124
124
124
124
124
124
123
123
123
123
123
123
123
124
124
124
124
124
124
124
124
124
124
124
124
124
124
124
124
123
123
123
123
124
124
124
124
124
124
125
125
125
125
125
124
124
124
124
124
124
124
124
124
123
123
123
123
123
123
123
124
124
124
124
124
124
124
124
124
124
124
124
124
124
124
124
124
124
124
123
123
124
124
124
124
124
124
125
125
125
125
125
124
124
124
124
124
124
124
123
123
123
123
123
124
124
124
124
124
125
125
125
125
125
125
125
124
124
124
123
123
123
123
123
123
123
123
123
124
124
124
125
125
125
125
124
124
124
124
123
123
123
123
123
123
123
124
124
124
124
124
124
125
124
124
124
125
124
124
124
124
124
124
124
124
124
123
123
124
124
124
124
124
124
124
125
125
124
124
124
124
124
124
123
123
123
123
123
123
123
123
124
124
124
124
124
124
124
124
124
124
124
124
124
124
124
124
124
124
124
124
124
124
124
124
124
124
124
124
124
124
124
124
124
124
124
124
124
124
124
124
124
124
123
124
124
124
124
124
124
124
124
124
124
124
124
124
124
124
124
124
124
124
124
124
124
124
124
124
124
124
124
124
124
124
124
124
124
124
124
124
124
124
124
123
124
124
124
124
124
124
124
124
124
124
124
124
124
124
124
124
124
124
124
124
124
124
124
123
123
124
124
124
124
124
124
124
124
124
124
124
124
124
124
124
124
124
124
123
123
124
124
124
124
124
124
124
124
124
124
124
124
124
124
124
124
124
124
124
124
124
124
124
124
124
124
124
124
124
124
124
124
124
124
124
124
124
124
124
124
124
124
124
124
124
124
124
124
124
124
124
124
124
124
124
124
124
124
124
124
124
124
124
124
124
124
124
124
124
124
124
124
124
124
124
124
124
124
124
124
124
124
124
124
124
124
124
124
124
124
124
124
124
124
124
124
124
124
124
124
124
124
124
124
124
124
124
124
124
124
124
124
124
124
124
124
124
124
124
124
124
124
124
124
124
124
124
124
124
124
124
124
124
124
124
124
124
124
124
124
124
124
124
124
124
124
124
124
124
124
124
124
124
124
124
124
124
124
124
124
124
124
124
124
124
124
124
124
124
124
124
124
124
124
124
124
124
124
124
124
124
124
124
124
124
124
124
124
124
124
124
124
124
124
124
124
124
124
124
124
124
124
124
124
124
124
124
124
124
124
124
124
124
124
124
124
124
124
124
124
124
124
124
124
124
124
124
124
124
124
124
124
124
124
124
124
124
124
124
124
124
124
124
124
124
124
124
124
124
124
124
124
124
124
124
124
124
123
123
123
124
124
124
124
123
124
124
124
124
123
124
124
124
124
124
124
124
124
124
124
124
124
124
124
124
124
124
124
124
124
124
124
124
124
124
124
124
124
124
124
124
124
124
124
124
124
124
124
124
124
124
124
124
124
124
124
124
124
123
124
124
123
123
124
124
124
124
124
124
124
124
124
124
124
124
124
124
124
124
124
124
124
124
124
124
124
124
124
124
124
124
124
124
124
124
124
124
124
124
124
124
124
124
124
123
124
124
124
124
124
124
124
124
124
124
124
124
124
124
124
124
124
124
124
124
124
124
124
124
124
124
124
124
124
124
124
125
124
124
124
124
124
124
124
124
124
124
124
124
124
124
124
124
124
124
124
123
124
124
124
124
124
124
124
124
124
124
124
124
124
124
124
124
124
124
124
124
124
124
124
124
124
124
124
124
124
124
124
124
124
124
124
124
124
124
124
124
124
124
124
124
124
124
124
124
124
124
124
124
124
124
124
124
124
124
124
124
124
124
124
124
123
123
123
124
124
124
124
124
124
124
124
124
125
124
125
125
125
125
125
124
124
124
124
124
124
124
124
124
124
124
124
124
124
124
124
124
124
124
124
124
124
124
124
123
123
123
123
123
123
123
124
124
124
124
124
125
124
124
124
124
124
124
124
124
124
124
124
124
124
124
124
124
124
124
124
124
124
124
124
124
124
124
124
124
124
124
124
124
124
124
124
124
124
124
123
123
124
124
124
124
124
124
124
124
124
124
123
124
124
124
124
124
124
124
124
124
124
124
124
124
124
124
124
124
124
124
124
124
124
124
124
124
124
124
124
124
124
124
124
124
124
124
124
124
124
124
124
124
124
124
124
124
124
124
124
124
124
124
124
124
124
124
124
124
124
124
124
124
124
124
124
124
124
124
124
124
124
124
124
124
124
124
124
124
124
124
124
124
124
124
124
124
124
124
124
124
124
124
124
124
124
124
124
124
124
124
124
124
124
124
124
124
124
124
124
124
124
124
124
124
124
124
124
124
124
124
124
124
124
124
124
124
124
124
124
124
124
124
124
124
124
124
124
124
124
124
124
124
124
124
124
124
124
124
124
124
124
124
124
124
124
124
124
124
124
124
124
124
124
124
124
124
124
124
124
124
124
124
124
124
124
124
124
124
124
124
124
124
124
124
124
124
124
124
124
124
124
124
124
124
124
124
124
124
124
124
124
124
123
123
124
124
124
124
124
124
124
124
124
124
124
124
124
124
124
124
124
124
124
124
124
124
124
124
124
124
124
124
124
124
124
124
124
124
124
124
124
124
124
124
124
124
124
124
124
124
124
124
124
124
124
124
124
124
124
124
124
124
124
124
124
124
124
124
124
124
124
124
124
124
124
124
124
124
124
124
124
124
124
124
124
124
124
124
124
124
123
124
124
124
124
124
124
124
124
124
124
124
124
124
124
124
124
124
124
124
124
124
124
124
124
124
124
124
124
124
124
124
124
124
124
124
124
124
124
124
124
124
124
124
124
124
123
123
124
124
124
124
124
124
124
124
124
124
125
124
124
124
124
124
124
124
124
124
124
124
124
124
124
124
124
124
124
124
124
124
124
124
124
124
124
123
124
124
124
124
124
124
124
124
124
124
124
124
124
124
124
124
124
124
124
124
124
124
124
124
124
124
124
124
124
124
124
124
124
124
124
124
124
124
124
124
124
124
124
124
124
124
124
124
124
124
124
124
124
124
124
124
124
124
124
124
124
124
124
124
124
124
124
124
124
124
124
124
124
124
124
124
124
124
124
124
124
124
124
124
124
124
124
124
124
124
124
124
124
124
124
124
124
124
124
124
124
124
124
124
124
124
124
124
124
124
124
124
124
124
124
124
124
124
124
124
124
124
124
124
124
124
124
124
124
124
124
124
124
124
124
124
124
124
124
124
124
124
124
124
124
124
124
124
124
124
124
124
124
124
124
124
124
124
124
124
124
124
124
124
124
124
124
124
124
124
124
124
124
124
124
124
124
124
124
124
124
124
124
124
124
124
124
124
124
124
124
124
124
124
124
124
124
124
123
124
124
124
124
124
124
124
124
124
124
124
124
124
124
124
124
124
124
124
124
124
124
124
124
124
124
124
124
124
124
124
124
124
124
124
124
124
124
124
124
124
124
124
124
124
124
124
124
124
124
124
124
124
124
124
124
124
124
124
124
124
124
124
124
124
124
124
124
124
124
124
124
124
124
124
124
124
124
124
124
124
124
124
124
124
124
124
124
124
124
124
124
124
124
124
124
124
124
124
124
124
124
124
124
124
124
124
124
124
124
124
124
124
124
124
124
124
124
124
124
124
124
124
124
124
124
124
124
124
124
124
124
124
124
124
124
124
124
124
124
124
124
124
124
124
124
124
124
124
124
124
124
124
124
124
124
124
124
124
124
124
124
124
124
124
124
124
124
124
124
124
124
124
124
124
124
124
124
124
124
124
124
124
124
124
124
124
124
124
124
124
124
124
124
124
124
124
124
124
124
124
124
124
124
124
124
124
124
124
124
124
124
124
124
124
124
124
124
124
124
124
124
124
124
124
124
124
124
124
124
124
124
124
124
124
124
124
124
124
124
124
124
124
124
124
124
124
124
124
124
124
124
124
124
124
124
124
124
124
124
124
124
124
124
124
124
124
124
124
124
124
124
124
124
124
124
124
124
124
124
124
124
124
124
124
124
124
124
124
124
124
124
124
124
124
124
124
124
124
124
124
124
124
124
124
124
124
124
124
124
124
124
124
124
124
124
124
124
124
124
124
124
124
124
124
124
124
124
124
124
124
124
124
124
124
124
124
124
124
124
124
124
124
124
124
124
124
124
124
124
124
124
124
124
124
124
124
124
124
124
124
124
124
124
124
124
124
124
124
124
124
124
124
124
124
124
124
124
124
124
124
124
124
124
124
124
124
124
124
124
124
124
124
124
124
124
124
124
124
124
124
124
124
124
124
124
124
124
124
124
124
124
124
124
124
124
124
124
124
124
124
124
124
124
124
124
124
124
124
124
124
124
124
124
124
124
124
124
124
124
124
124
124
124
124
123
124
124
124
124
124
124
124
124
124
124
124
124
124
124
124
124
124
124
124
124
124
124
124
124
124
124
124
124
124
124
124
124
124
124
124
124
124
124
124
124
124
124
124
124
124
124
124
124
124
124
124
124
124
124
124
124
124
124
124
124
124
124
124
124
124
124
124
124
124
124
124
124
124
124
124
124
124
124
124
124
124
124
124
124
124
124
124
124
124
124
124
124
124
124
124
124
124
124
124
124
124
124
124
124
124
124
124
124
124
124
124
124
124
124
124
124
124
124
124
124
124
124
124
124
124
124
124
124
124
124
124
124
124
124
124
124
124
124
124
124
124
124
124
124
124
124
124
124
124
124
124
124
124
124
124
124
124
124
124
124
124
124
124
124
124
124
124
124
124
124
124
124
124
124
124
124
124
124
124
124
124
124
124
124
124
124
124
124
124
124
124
124
124
124
124
124
124
124
124
124
124
124
124
124
124
124
124
124
124
124
124
124
124
124
124
124
124
124
124
124
124
124
124
124
124
124
124
124
124
124
124
124
124
124
124
124
124
124
124
124
124
124
124
124
124
124
124
124
124
124
124
124
124
124
124
124
124
124
124
124
124
124
124
124
124
124
124
124
124
124
124
124
124
124
124
124
124
124
124
124
124
124
124
124
124
124
124
124
124
124
124
124
124
124
124
124
124
124
124
124
124
124
124
124
124
124
124
124
124
124
124
124
124
124
124
124
124
124
124
124
124
124
124
124
124
124
124
124
124
124
124
124
124
124
124
124
124
124
124
124
124
124
124
124
124
124
124
124
124
124
124
124
124
124
124
124
124
124
124
124
124
124
124
124
124
124
124
124
124
124
124
124
124
124
124
124
124
124
124
124
124
124
124
124
124
124
124
124
124
124
124
124
124
124
124
124
124
124
124
124
124
124
124
124
124
124
124
124
124
124
124
124
124
124
124
124
124
124
124
124
124
124
124
124
124
124
124
124
124
124
124
124
124
124
124
124
124
124
124
124
124
124
124
124
124
124
124
124
124
124
124
124
124
124
124
124
124
124
124
124
124
124
124
124
124
124
124
124
124
124
124
124
124
124
124
124
124
124
124
124
124
124
124
124
124
124
124
124
124
124
124
124
124
124
124
124
124
124
124
124
124
124
124
124
124
124
124
124
124
124
124
124
124
124
124
124
124
124
124
124
124
124
124
124
124
124
124
124
124
124
124
124
124
124
124
124
124
124
124
124
124
124
124
124
124
124
124
124
124
124
124
124
124
124
124
124
124
124
124
124
124
124
124
124
124
124
124
124
124
124
124
124
124
124
124
124
124
124
124
124
124
124
124
124
