0,496115.896
0.0125,74.836091736027
0.025,35.4971314015194
0.0375,4.13582620764408
0.05,12.6586237407184
0.0625,5.66703393918986
0.075,10.7710733853218
0.0875,13.8065394075923
0.1,12.7698319938404
0.1125,17.6951077063728
0.125,18.0760515194579
0.1375,10.8508143045151
0.15,3.41309806463405
0.1625,4.63319265194115
0.175,3.72871295611308
0.1875,2.86090075226988
0.2,2.77282330353223
0.2125,5.86164258657936
0.225,14.2178786564131
0.2375,19.5275137028277
0.25,18.0345785469772
0.2625,12.5912325902506
0.275,10.0960121274882
0.2875,13.411518528321
0.3,17.4558516238388
0.3125,16.4401549017931
0.325,9.55425354263964
0.3375,3.95901723046056
0.35,7.59470472951889
0.3625,14.1824680213016
0.375,21.491048205867
0.3875,24.2784226916698
0.4,21.5461013995453
0.4125,17.1505874653273
0.425,14.7882311957856
0.4375,14.3060643805467
0.45,12.5311626064595
0.4625,8.71277740789098
0.475,8.34397223084244
0.4875,10.9228776972724
0.5,11.3521630098378
0.5125,10.4758340260838
0.525,10.3304303160813
0.5375,10.7992232174357
0.55,10.4090897732792
0.5625,8.72220222431288
0.575,6.6546518324231
0.5875,6.79299238480599
0.6,12.4982897108332
0.6125,19.8983907441267
0.625,25.4498821667545
0.6375,27.8796038238052
0.65,26.7112878307923
0.6625,22.1789471815144
0.675,16.2207371598373
0.6875,11.0843808109029
0.7,7.1119858019805
0.7125,4.05983556029694
0.725,2.89893436663394
0.7375,4.5744616453402
0.75,8.30761954622537
0.7625,12.6311382461299
0.775,14.5568086156263
0.7875,11.6892711548378
0.8,6.6489148047201
0.8125,9.06230519830909
0.825,12.3392883888642
0.8375,11.2167040263736
0.85,9.92290218309997
0.8625,15.1696095721295
0.875,20.5852861801956
0.8875,18.9447480554833
0.9,13.1161664569606
0.9125,22.3715084418335
0.925,36.4130735406821
0.9375,47.2861367407937
0.95,68.4720303950399
0.9625,112.709018995144
0.975,172.648925413042
0.9875,231.489186743448
1,270.726212680293
1.0125,277.012167671689
1.025,248.062234465652
1.0375,192.910063007085
1.05,126.949762667394
1.0625,66.0074838756935
1.075,24.5581213273906
1.0875,25.0771269141774
1.1,38.4212219065893
1.1125,44.3628664725131
1.125,41.0735284841164
1.1375,28.7985249085225
1.15,12.292547658599
1.1625,10.8440488881116
1.175,17.6723088145182
1.1875,15.2496353447463
1.2,19.6526957416435
1.2125,42.0525689161116
1.225,67.6653348285077
1.2375,91.2346592067516
1.25,112.80314038465
1.2625,132.449477855741
1.275,146.920718870182
1.2875,151.161589381131
1.3,142.428421829506
1.3125,122.46731179931
1.325,96.5228073431178
1.3375,71.1233135591972
1.35,52.633564215572
1.3625,45.7602170785259
1.375,49.1212611816765
1.3875,55.9074974312131
1.4,60.6283066240308
1.4125,61.2690434266677
1.425,59.7332248881401
1.4375,60.3617942792192
1.45,64.106717841887
1.4625,66.6416147636079
1.475,65.2285348646866
1.4875,64.0056183004714
1.5,70.4524510423445
1.5125,83.7907299496324
1.525,95.7247507324897
1.5375,100.500374362165
1.55,97.9433600617167
1.5625,91.0648415859607
1.575,82.2942633623929
1.5875,72.5003293464593
1.6,63.9754905147864
1.6125,62.3121192523905
1.625,70.5829567478111
1.6375,84.5359567709352
1.65,98.3018974370489
1.6625,107.295568126227
1.675,107.776589389054
1.6875,98.6746639622762
1.7,85.6505711278027
1.7125,81.3898403484793
1.725,89.9047304927784
1.7375,98.9365779561183
1.75,100.745939791594
1.7625,101.440711104648
1.775,110.107006425752
1.7875,121.08444166926
1.8,120.522968828088
1.8125,104.286234029805
1.825,86.7925256123348
1.8375,90.4650047017375
1.85,106.02507607725
1.8625,110.38937594993
1.875,100.040808851014
1.8875,90.8848040871765
1.9,97.0190479545606
1.9125,106.038610894245
1.925,103.644736775427
1.9375,95.5707713440839
1.95,99.8857379110562
1.9625,115.988258576543
1.975,125.151084360824
1.9875,117.481551118793
2,98.8594496344882
2.0125,87.6964410189507
2.025,96.4063200339352
2.0375,113.774961267359
2.05,126.200365272802
2.0625,128.525984874462
2.075,121.461672135784
2.0875,111.385165890524
2.1,108.154573294241
2.1125,113.564522267722
2.125,117.22863033551
2.1375,110.462953388106
2.15,96.0391110281448
2.1625,87.1646332840027
2.175,92.1078126967338
2.1875,101.59780954231
2.2,105.52740422489
2.2125,102.48682631018
2.225,94.6702438385695
2.2375,84.4971625102503
2.25,79.3710874767629
2.2625,89.5991212281093
2.275,108.166847025417
2.2875,116.274781366399
2.3,103.297128435061
2.3125,78.6625328370365
2.325,81.3016291094219
2.3375,116.81125759452
2.35,144.095171322414
2.3625,142.787019521724
2.375,115.616506314808
2.3875,92.0480964308458
2.4,109.306676792721
2.4125,142.282804765514
2.425,157.411856284621
2.4375,147.33572661945
2.45,121.532748194613
2.4625,98.8067297944087
2.475,93.8011586437967
2.4875,100.638927333855
2.5,106.460411997044
2.5125,105.990740071578
2.525,98.7597681366958
2.5375,86.9187586362517
2.55,75.5687249601135
2.5625,69.150021245297
2.575,64.6911247389539
2.5875,55.4065079804312
2.6,40.3128034267883
2.6125,27.8792226606994
2.625,27.6838613169132
2.6375,29.0832191375519
2.65,21.5702016184688
2.6625,6.1796530584964
2.675,12.338014985349
2.6875,23.5818333033646
2.7,24.6221447202306
2.7125,19.7354750609103
2.725,24.430092459022
2.7375,36.577729329586
2.75,42.0978728557408
2.7625,34.8577112837277
2.775,15.8828780156935
2.7875,12.0898456797561
2.8,33.2190168840197
2.8125,43.4407444153096
2.825,38.3225223817557
2.8375,19.9690485984728
2.85,5.8224693965283
2.8625,26.9217511569616
2.875,37.1729728896614
2.8875,32.2769966423348
2.9,15.5039568722856
2.9125,12.1232840420191
2.925,28.8232176980066
2.9375,35.5266793393897
2.95,28.899505820596
2.9625,11.9179285437681
2.975,8.69970314040986
2.9875,25.5267129043235
3,34.2317582257651
3.0125,35.4202592655624
3.025,32.9820620987396
3.0375,28.9771006650591
3.05,21.8184092214273
3.0625,14.2508864638237
3.075,22.6192733185672
3.0875,37.9250148110875
3.1,46.7036801247659
3.1125,44.3485776205832
3.125,32.6971158122235
3.1375,21.8185113369099
3.15,25.4242337664014
3.1625,31.9911939845952
3.175,30.0199674414028
3.1875,20.3817043399787
3.2,15.9517124549697
3.2125,24.4592884359635
3.225,30.0536778183529
3.2375,27.0164318390638
3.25,18.569427879371
3.2625,17.999777478968
3.275,27.4211611667608
3.2875,33.3179681498861
3.3,31.0372503152876
3.3125,21.3497752710536
3.325,7.85759238147564
3.3375,8.76421659318915
3.35,20.3114107097608
3.3625,27.2246464296916
3.375,27.9519873278719
3.3875,22.5923689188768
3.4,12.6366199922448
3.4125,0.637220955615987
3.425,10.3275498818216
3.4375,17.2529221529569
3.45,18.0665348647601
3.4625,13.0413177834139
3.475,8.96060551868034
3.4875,16.0985842503511
3.5,23.8979540840321
3.5125,26.2892016104751
3.525,21.9710301233384
3.5375,12.4043298052859
3.55,6.44904791088207
3.5625,15.8301262548427
3.575,23.6718491659758
3.5875,26.8331319728467
3.6,26.5608266693562
3.6125,24.7865407914125
3.625,21.5770816962379
3.6375,15.6911054247512
3.65,8.70410498017215
3.6625,10.835315172313
3.675,17.2226764746575
3.6875,18.3513232421694
3.7,12.4571219661859
3.7125,2.44915221847602
3.725,10.920115856068
3.7375,18.5040229069863
3.75,18.2213902188153
3.7625,9.64437256873609
3.775,5.06996225709799
3.7875,17.8642910229922
3.8,25.2493817524505
3.8125,24.1363253952437
3.825,15.0176160742547
3.8375,1.49334283687874
3.85,11.6207815144546
3.8625,19.0797476477598
3.875,19.264257612693
3.8875,14.9867758909481
3.9,13.8055787548958
3.9125,17.8579445392053
3.925,20.2856417447123
3.9375,17.5847895412385
3.95,10.0028931294912
3.9625,0.238857713137587
3.975,8.12217446035131
3.9875,12.1730510713581
4,11.1546947793671
4.0125,7.54930058526948
4.025,10.3306941338814
4.0375,18.4916814608713
4.05,24.9498638143581
4.0625,26.573397074721
4.075,22.8760723458209
4.0875,16.3361082422355
4.1,12.3058606402875
4.1125,13.8236696382904
4.125,16.0477632149856
4.1375,16.1239495262673
4.15,14.5923471938913
4.1625,12.4173811631062
4.175,9.53313869224621
4.1875,8.78182798546558
4.2,14.8878584182529
4.2125,22.9470714499097
4.225,28.07155680046
4.2375,27.4320367286638
4.25,20.8868685695586
4.2625,13.813952295118
4.275,16.9723094014834
4.2875,23.8769689212655
4.3,25.8771260111673
4.3125,21.2143530457073
4.325,12.466722510563
4.3375,12.0615140940949
4.35,21.4155007204916
4.3625,27.400528002504
4.375,26.8359194789367
4.3875,20.5374109293836
4.4,12.1152057840011
4.4125,11.5588378948811
4.425,19.8485158109065
4.4375,27.2503228425696
4.45,30.9953391513678
4.4625,30.5319356731603
4.475,26.1422917841676
4.4875,18.9266948731598
4.5,11.7188528074625
4.5125,10.1378016781726
4.525,12.6561778128215
4.5375,12.5507156804794
4.55,8.48353426284922
4.5625,2.26565683760256
4.575,5.26804042839933
4.5875,10.3526814877499
4.6,12.9894926405661
4.6125,13.2625379957256
4.625,11.8439395556166
4.6375,9.08795188392154
4.65,4.88630502309508
4.6625,2.514950583065
4.675,8.72082676260254
4.6875,14.9957235468592
4.7,18.9425396400729
4.7125,18.9275003541868
4.725,14.4599310793147
4.7375,6.86070794875236
4.75,3.1140842572608
4.7625,8.64814574117191
4.775,10.6194261293576
4.7875,8.67155606583617
4.8,8.55814198833344
4.8125,15.2735218421608
4.825,21.9759238824146
4.8375,24.3092413671837
4.85,21.4266665893101
4.8625,15.1725792945561
4.875,8.76417853526831
4.8875,5.41300704670836
4.9,5.63336692986902
4.9125,7.59448460894594
4.925,10.5446973221324
4.9375,12.7114630281633
4.95,13.0331710689225
4.9625,11.9783181270867
4.975,9.59427422349918
4.9875,4.62878355781787
5,4.5236723364661
5.0125,15.1687715271439
5.025,25.2740048989512
5.0375,31.0643601988015
5.05,30.1333311927687
5.0625,23.3477078430155
5.075,15.9087366368093
5.0875,14.1783656851333
5.1,13.9443867233125
5.1125,8.64151372076272
5.125,3.15849975350094
5.1375,14.5215801395051
5.15,22.5639296386147
5.1625,23.0056646792712
5.175,15.5599880627445
5.1875,4.20336175416605
5.2,10.7109199683345
5.2125,19.4267207091509
5.225,22.1514805137809
5.2375,19.3476824927495
5.25,14.0629223912739
5.2625,9.87244427669416
5.275,8.68610866790294
5.2875,11.4632227829648
5.3,17.0911556815012
5.3125,22.3814808909048
5.325,24.6549900828889
5.3375,22.8118080702813
5.35,17.6467222844283
5.3625,11.1588491372012
5.375,5.04743587034647
5.3875,2.45522916066719
5.4,7.69227624138382
5.4125,13.0684195809868
5.425,16.5823037482245
5.4375,17.0735927031856
5.45,14.8375647646274
5.4625,12.0014933612233
5.475,10.9475934630536
5.4875,11.3051937275417
5.5,12.2110453239875
5.5125,15.0296920731383
5.525,20.2144045317717
5.5375,25.7233289149641
5.55,29.068185220167
5.5625,28.6578501028257
5.575,24.3782161428885
5.5875,17.6214218521759
5.6,10.8724719472468
5.6125,7.26186592572965
5.625,7.37083771142904
5.6375,7.82187141904399
5.65,7.96938571181348
5.6625,8.80422984150214
5.675,10.4662514980595
5.6875,12.5199205919455
5.7,14.2135067051633
5.7125,14.5016159210804
5.725,12.7101465124763
5.7375,9.00508173664083
5.75,4.88803031120985
5.7625,3.78243572448895
5.775,4.11908481453062
5.7875,3.98331843857851
5.8,8.16597622867179
5.8125,13.824530153931
5.825,17.2010022586208
5.8375,16.5499742203744
5.85,12.1515232571535
5.8625,8.18207280851172
5.875,11.9532072921768
5.8875,17.7180394975885
5.9,20.7161146974271
5.9125,20.320068058771
5.925,17.2100313524767
5.9375,12.3597186975046
5.95,6.75753654115181
5.9625,1.21316359252648
5.975,3.73333865535506
5.9875,7.44546157866922
6,8.97016352483669
6.0125,7.65147010422875
6.025,4.89981801667003
6.0375,7.57506349126822
6.05,13.9925320567563
6.0625,19.3556826913444
6.075,21.7878982623205
6.0875,21.27359068978
6.1,20.0068105251021
6.1125,20.0982445101359
6.125,19.9610819230662
6.1375,16.7001974633953
6.15,9.78809545975702
6.1625,5.23026251262575
6.175,12.9295196927928
6.1875,19.7807542630539
6.2,22.1578555190331
6.2125,20.4436874921469
6.225,16.9914166426262
6.2375,13.7506215631494
6.25,10.5903702177022
6.2625,6.66340053568034
6.275,2.31272082683913
6.2875,2.31763042133904
6.3,3.7039644282843
6.3125,2.33723508886531
6.325,2.3082825379647
6.3375,5.78444897485221
6.35,7.7304179163298
6.3625,7.28798094074184
6.375,5.24575013545219
6.3875,3.88960178154709
6.4,4.29542735167025
6.4125,4.46676702319646
6.425,5.18843260194773
6.4375,7.29372257096602
6.45,8.64470464874664
6.4625,7.86883005767092
6.475,5.94156741476595
6.4875,6.97344260231857
6.5,10.808510483796
6.5125,13.5536409659637
6.525,13.6905665529249
6.5375,11.571446589504
6.55,8.52802893051541
6.5625,5.99075518572447
6.575,5.06560758538587
6.5875,5.588342651291
6.6,6.05482695091487
6.6125,5.42042508994811
6.625,3.72100712940258
6.6375,2.4512513446157
6.65,4.52057430529041
6.6625,8.83333624064141
6.675,13.9718627213185
6.6875,18.5146330537609
6.7,21.0561729551079
6.7125,20.6842080647755
6.725,17.2923002798811
6.7375,11.7967015971974
6.75,6.66093336175711
6.7625,7.79851128318509
6.775,13.2803096685749
6.7875,18.0674024507871
6.8,20.1266817012313
6.8125,18.260699411469
6.825,12.5213095002411
6.8375,4.67847327989998
6.85,2.61923956682873
6.8625,6.38910399961121
6.875,6.15181871573298
6.8875,4.26560727994861
6.9,6.64401336792518
6.9125,9.91872174593748
6.925,9.92555025262093
6.9375,5.9351020399031
6.95,1.02460872054881
6.9625,6.76401187230007
6.975,10.5356856944655
6.9875,11.4639768015508
7,10.47946730928
7.0125,9.50754187616551
7.025,11.049646704663
7.0375,16.1190043958303
7.05,22.7274431590054
7.0625,27.4031947136817
7.075,27.0591781407816
7.0875,20.6514659187924
7.1,9.89345404269907
7.1125,4.17499439328801
7.125,11.6620358217751
7.1375,13.1966743181147
7.15,7.30864090776051
7.1625,4.7674991692812
7.175,15.5447156017827
7.1875,22.0712523620209
7.2,21.1965396454274
7.2125,13.0378421897166
7.225,3.48764910048494
7.2375,13.6063145668315
7.25,21.7344115870575
7.2625,23.2814157064463
7.275,18.7543861390303
7.2875,10.7012146724586
7.3,2.49128525129118
7.3125,4.53054545525481
7.325,7.62572784530728
7.3375,8.14343870523414
7.35,7.69176957188023
7.3625,7.79749732587187
7.375,8.80946174528019
7.3875,9.93976592115139
7.4,10.0436540405535
7.4125,8.19823893200589
7.425,4.58375077296279
7.4375,4.0836819762358
7.45,8.36866999764931
7.4625,11.4769001986237
7.475,12.1194521885628
7.4875,10.2057638554344
7.5,6.12408790988136
7.5125,1.36119867938615
7.525,5.24329349990756
7.5375,9.88151327833096
7.55,13.0136778617041
7.5625,14.4043515233935
7.575,14.4621484386905
7.5875,13.7770465326327
7.6,12.2366023625266
7.6125,9.16620359687734
7.625,4.3775663276886
7.6375,1.89656922834182
7.65,6.77280035918221
7.6625,9.87672030252027
7.675,11.2919179210931
7.6875,12.4185686174796
7.7,13.2713770038174
7.7125,12.2286737216504
7.725,8.11567430148068
7.7375,1.35992130570574
7.75,6.7091332380748
7.7625,12.6804776661832
7.775,14.6397029134862
7.7875,12.4422736010633
7.8,8.37192431351958
7.8125,6.46292892810887
7.825,6.99209037661484
7.8375,5.83202861227114
7.85,2.1079105433377
7.8625,3.16036982690597
7.875,6.4132391472486
7.8875,6.6166177707796
7.9,4.43134815046807
7.9125,4.09824271770714
7.925,6.53426475103219
7.9375,7.48957763251073
7.95,6.10106277537034
7.9625,4.01495299619437
7.975,4.5386291250675
7.9875,7.3225687046128
8,11.7263384452293
8.0125,17.3533717484948
8.025,22.2048299796952
8.0375,24.0508874423074
8.05,21.9354292197626
8.0625,17.0042566433338
8.075,12.2394081846525
8.0875,10.2811027035371
8.1,10.4026693182203
8.1125,11.4383251565344
8.125,13.4897522671383
8.1375,15.2520755720421
8.15,14.6500358245969
8.1625,11.0388058387429
8.175,6.14702346743733
8.1875,4.02804255849831
8.2,4.7915468923755
8.2125,5.30079679742009
8.225,7.92436640107628
8.2375,12.0461978585366
8.25,14.5144794398758
8.2625,13.5975015292906
8.275,9.99511782074406
8.2875,7.17711345357811
8.3,7.91045083657503
8.3125,8.77857069004865
8.325,7.88209476699929
8.3375,6.74222385021051
8.35,7.32756891337065
8.3625,8.00029300963157
8.375,6.97434881752849
8.3875,4.87674759794685
8.4,4.25782242518923
8.4125,5.98365893361986
8.425,7.85515344607952
8.4375,8.62135667242659
8.45,7.75289362616821
8.4625,5.34773037331233
8.475,4.07205689585797
8.4875,7.38328379573126
8.5,10.2846934573225
8.5125,9.74425860124371
8.525,5.24028317047096
8.5375,2.50368106775948
8.55,9.71550297101971
8.5625,14.5466086136913
8.575,14.9130830054504
8.5875,10.9135748435042
8.6,5.55985828129045
8.6125,6.08045283879874
8.625,8.87529835288198
8.6375,8.77923509976063
8.65,6.47017225331752
8.6625,5.51681652614406
8.675,6.90126742707223
8.6875,7.18993023337302
8.7,6.82966143316752
8.7125,9.52716305332114
8.725,14.2505285170301
8.7375,17.8097797243834
8.75,18.7241354194788
8.7625,17.3155933213069
8.775,15.3381705211694
8.7875,14.3120290708968
8.8,13.575217330782
8.8125,11.3679689228502
8.825,6.94975463401731
8.8375,2.06944179610527
8.85,6.01598738332427
8.8625,10.2317129080142
8.875,11.738243567813
8.8875,10.4217991407528
8.9,7.371445475436
8.9125,5.84717206850501
8.925,8.27886356850099
8.9375,10.7388045903578
8.95,10.8219323610675
8.9625,8.20512395657876
8.975,3.88021009323948
8.9875,2.77567783897275
9,6.16935521315229
9.0125,7.53016216101874
9.025,6.96621964419393
9.0375,8.30334495705658
9.05,12.542794800665
9.0625,15.8146256401019
9.075,15.6813864154578
9.0875,11.7165374773028
9.1,5.22658846544991
9.1125,2.65769667143472
9.125,6.96735814332758
9.1375,7.96980077012451
9.15,5.86790314390243
9.1625,3.42434733571373
9.175,3.98825524040414
9.1875,4.37946827085394
9.2,2.62060423293924
9.2125,1.25932928503183
9.225,3.97203893730938
9.2375,5.00281244822388
9.25,4.48716091834068
9.2625,5.67637725062384
9.275,8.44326066739716
9.2875,9.81794052639794
9.3,8.59551325127374
9.3125,5.27155120593851
9.325,3.06967017655732
9.3375,5.40101988748377
9.35,6.94557337028272
9.3625,6.19194376108891
9.375,3.88291897318024
9.3875,3.90226965823291
9.4,8.29009816071136
9.4125,13.2890644001776
9.425,16.9103419251842
9.4375,17.5475653770191
9.45,14.4125085824007
9.4625,8.14903918194322
9.475,1.66886160672021
9.4875,6.6593843906004
9.5,10.7348515321538
9.5125,11.5866320755146
9.525,9.50708321179843
9.5375,5.57902947373718
9.55,2.27684236700533
9.5625,4.69805884484466
9.575,7.0785334247556
9.5875,7.0612242279252
9.6,4.51435053382794
9.6125,2.51340230843835
9.625,6.45581207695454
9.6375,9.59227006661237
9.65,9.54775245121519
9.6625,6.48684824644118
9.675,4.18882454237524
9.6875,6.70532970078664
9.7,8.26387694715256
9.7125,6.67750836857707
9.725,2.87113919241122
9.7375,2.54661670929542
9.75,4.42901426123525
9.7625,3.25868094520964
9.775,5.37239388191949
9.7875,12.7102257273548
9.8,19.4289724262887
9.8125,22.7496926313881
9.825,21.5441491350797
9.8375,16.3477580546642
9.85,9.12025073068461
9.8625,3.59528579159712
9.875,5.28711434408642
9.8875,6.70605668542241
9.9,5.37297540751687
9.9125,2.57717103425901
9.925,2.77036041471656
9.9375,4.09653100635785
9.95,2.23087712525677
9.9625,3.94461923660423
9.975,12.9762783334733
9.9875,22.3015206111908
10,28.5116091340066
10.0125,29.0827510385781
10.025,23.4462857719436
10.0375,13.2529330576928
10.05,1.97244976247879
10.0625,7.48953787360932
10.075,11.8350466369207
10.0875,11.4664088011318
10.1,9.16909191182653
10.1125,8.69576713128068
10.125,9.33837940055701
10.1375,8.25299894144796
10.15,5.08883124990502
10.1625,1.23787314809154
10.175,1.78554187465199
10.1875,3.42842104864575
10.2,4.31590353236475
10.2125,4.58768164382846
10.225,3.63478759478603
10.2375,2.77988594717298
10.25,5.72332818363658
10.2625,9.14596137858481
10.275,10.4934609006799
10.2875,9.17308577400607
10.3,6.69509710977198
10.3125,6.24453154736458
10.325,7.65056007211148
10.3375,8.33483398528756
10.35,8.16285441986905
10.3625,8.24186712301628
10.375,8.72173865138335
10.3875,8.99319637766238
10.4,9.20654157088601
10.4125,9.33120305141994
10.425,8.32115240881438
10.4375,5.93128703749048
10.45,5.31134071242957
10.4625,8.03038881833675
10.475,9.22730481408344
10.4875,6.34994782189219
10.5,0.446068010761876
10.5125,8.58451142827847
10.525,14.7240630704219
10.5375,16.1377064286369
10.55,12.239680936797
10.5625,5.2903418964085
10.575,5.79603103853007
10.5875,10.4993146007527
10.6,10.6262612263274
10.6125,6.70732005047475
10.625,6.39885200027336
10.6375,11.6720133229286
10.65,14.5228170819431
10.6625,13.1002357293402
10.675,8.38179464212953
10.6875,2.77270135875163
10.7,1.51924088428827
10.7125,3.63544643272967
10.725,5.25510138466933
10.7375,7.07263353980364
10.75,7.5381883326358
10.7625,5.4778322970731
10.775,1.72193769398865
10.7875,4.2623792434481
10.8,7.46599783229688
10.8125,7.70660584113573
10.825,5.00348132987255
10.8375,0.887593946596382
10.85,2.64965826281586
10.8625,4.30279285504252
10.875,4.65948963471413
10.8875,6.40072710058873
10.9,10.0438694347274
10.9125,13.8181970366536
10.925,16.5513962965388
10.9375,17.5068058483297
10.95,15.9943198725315
10.9625,11.5782416866588
10.975,4.60304636753249
10.9875,3.7355408488616
11,11.2059335966628
11.0125,16.3019596198973
11.025,18.6257664104283
11.0375,19.1732235451459
11.05,19.0984780188964
11.0625,18.5065002830281
11.075,16.8535098046223
11.0875,13.9899290976379
11.1,10.4494868299615
11.1125,6.97677079018116
11.125,3.99751030810613
11.1375,2.8469725878393
11.15,4.86655747396321
11.1625,6.95328877417237
11.175,7.72425355909633
11.1875,7.27324536011129
11.2,6.81395758853321
11.2125,7.36124433788842
11.225,8.0316528124843
11.2375,7.69045583335734
11.25,6.39409738096779
11.2625,5.30384270848441
11.275,5.66389158770329
11.2875,6.82767114630771
11.3,7.5071698541366
11.3125,7.20831914698786
11.325,6.0126690501158
11.3375,4.30863153873379
11.35,2.65039766689205
11.3625,1.32189282383909
11.375,1.58789174826154
11.3875,4.14847267016479
11.4,7.01521187172917
11.4125,8.98687457789613
11.425,9.12267901401176
11.4375,7.05285099839555
11.45,3.23887901765236
11.4625,1.16289609913193
11.475,4.81729811249038
11.4875,6.91364920525816
11.5,7.27462778884345
11.5125,6.13343813314914
11.525,3.88630369796019
11.5375,1.71426524899827
11.55,3.34359241341821
11.5625,5.56718535204747
11.575,6.64941841187876
11.5875,6.89733442752516
11.6,7.2499405060173
11.6125,7.85824426689897
11.625,7.81684886533993
11.6375,6.30245127482741
11.65,3.4997333158654
11.6625,2.61926252170151
11.675,4.96070924317858
11.6875,6.07469199147658
11.7,5.62828929664157
11.7125,5.64769104840434
11.725,7.87143324183262
11.7375,10.7921465762298
11.75,13.0523674228878
11.7625,14.5622703684121
11.775,15.6880467221171
11.7875,16.1785420601624
11.8,15.2707999862739
11.8125,12.660217808817
11.825,8.92117654302429
11.8375,5.43307241573391
11.85,4.22423508961245
11.8625,4.83943562896794
11.875,4.88721656979725
11.8875,3.99725517534139
11.9,2.81622524082546
11.9125,2.02798569901523
11.925,1.84228214008511
11.9375,1.99647188298949
11.95,2.15895984249832
11.9625,2.08529779529275
11.975,1.8007798884739
11.9875,1.66778334338585
12,1.78575331933582
12.0125,2.18699098342992
12.025,3.50529898228064
12.0375,5.67016420701155
12.05,8.02235776920054
12.0625,9.93352397184887
12.075,10.9191889061592
12.0875,10.7768801383053
12.1,9.75299763551428
12.1125,8.57962826872863
12.125,8.15989516488019
12.1375,8.72276443277378
12.15,9.57567244971173
12.1625,9.87984490852292
12.175,9.11474794821999
12.1875,7.28638003587966
12.2,4.93982583295437
12.2125,2.82602496533484
12.225,2.50875819358294
12.2375,4.52847242367199
12.25,6.47348036447382
12.2625,7.10181046921422
12.275,6.42478198839395
12.2875,6.24271490150648
12.3,8.08055087341259
12.3125,9.82473053422159
12.325,9.20116560732657
12.3375,6.21362322838834
12.35,5.93655425361317
12.3625,10.4141633664346
12.375,13.2656381446651
12.3875,11.7795596439582
12.4,6.09128070429446
12.4125,5.41852676869847
12.425,13.31817075653
12.4375,18.3714541872352
12.45,18.5320809262791
12.4625,14.8911630342754
12.475,11.5384495234159
12.4875,12.0513934502706
12.5,12.8014611666059
12.5125,10.1669483178802
12.525,5.14093451017923
12.5375,6.37944252573559
12.55,11.3831774961996
12.5625,13.3298864567525
12.575,11.3436971078581
12.5875,6.79676000983243
12.6,4.3400724021224
12.6125,7.3544926931375
12.625,9.63240854918269
12.6375,9.66996324635668
12.65,8.07440224638905
12.6625,6.19844778650585
12.675,6.05980141447887
12.6875,8.03271160219392
12.7,9.99630559566716
12.7125,10.3470043361618
12.725,8.65295364511397
12.7375,6.18858506542993
12.75,6.82374149522129
12.7625,10.2957206477691
12.775,12.6099588276576
12.7875,11.9164030942623
12.8,8.29136781157165
12.8125,4.67731507302094
12.825,7.32060583133838
12.8375,11.0856813472487
12.85,12.0116583618794
12.8625,9.67725462251914
12.875,6.2135604254567
12.8875,6.57282187203895
12.9,9.19298842563119
12.9125,9.96515156548907
12.925,8.59941636069623
12.9375,6.96441722248783
12.95,6.99756103951665
12.9625,7.50189893409838
12.975,7.11931916632158
12.9875,6.71963275503065
13,7.2816848142492
13.0125,7.72820219589537
13.025,7.11995743279477
13.0375,6.27867081574666
13.05,6.44511792182245
13.0625,6.5431427283345
13.075,5.07690200256874
13.0875,2.6733461745984
13.1,3.41065607206178
13.1125,5.23950234681017
13.125,5.00239368906162
13.1375,3.28117658042332
13.15,4.76745942445803
13.1625,8.186776628107
13.175,10.1030258458264
13.1875,9.93253396523756
13.2,8.53881725927242
13.2125,7.05459518778748
13.225,5.70560850553883
13.2375,4.75742026143158
13.25,5.75309130351606
13.2625,7.51477344710204
13.275,7.574650045751
13.2875,5.59708890448604
13.3,5.30763756416186
13.3125,9.06382475475751
13.325,12.1811867062995
13.3375,12.1231085634534
13.35,8.52141682194817
13.3625,3.40232055428706
13.375,4.74892842837881
13.3875,7.86768619608368
13.4,7.75349301658289
13.4125,4.33224461368998
13.425,1.24249987221192
13.4375,6.87543048046615
13.45,10.9329532177336
13.4625,12.5191753908284
13.475,11.8690387005092
13.4875,9.86284161028171
13.5,7.64950645983515
13.5125,6.42495164544745
13.525,6.63089438954204
13.5375,7.57677503154545
13.55,8.35270208842291
13.5625,8.33969080852623
13.575,7.33372844373734
13.5875,5.60508110858682
13.6,4.82779001402879
13.6125,6.78343725640948
13.625,9.18221706833578
13.6375,10.1268439911747
13.65,9.16937605417395
13.6625,6.59982461798836
13.675,3.29466341779332
13.6875,2.04671597698082
13.7,3.84694735002223
13.7125,4.69382835134803
13.725,3.87099484558373
13.7375,1.45809277810027
13.75,2.27111796367888
13.7625,5.51880684971798
13.775,7.39840135570479
13.7875,7.23442383350141
13.8,5.10031551575746
13.8125,2.00440100461798
13.825,2.48369605350695
13.8375,4.76677977213562
13.85,6.11730377204935
13.8625,6.83953336418613
13.875,6.81362330895638
13.8875,5.55720844856656
13.9,3.64558541545911
13.9125,4.46689892610766
13.925,7.23869535178238
13.9375,8.4659179471349
13.95,7.05334666785439
13.9625,4.21799536894838
13.975,4.67723952088555
13.9875,7.46981223354679
14,8.9599074461724
14.0125,9.30917266796806
14.025,9.81919175701346
14.0375,10.1733763549367
14.05,8.61573534348799
14.0625,4.52407491960456
14.075,2.99230821716642
14.0875,8.22198963527903
14.1,11.7230513220459
14.1125,12.4944250398474
14.125,12.1555148391302
14.1375,13.1258416267811
14.15,14.5584816681121
14.1625,13.7381676943285
14.175,9.57124089836866
14.1875,3.04434457694695
14.2,4.26256630412382
14.2125,9.36757541413996
14.225,11.2557578090902
14.2375,9.75364942727245
14.25,5.8298574582745
14.2625,1.51328578931074
14.275,4.93104984753672
14.2875,9.15717339809926
14.3,11.6771381871397
14.3125,11.6876582044743
14.325,9.10491258739111
14.3375,4.93943042375021
14.35,1.5766505058852
14.3625,2.46868872192836
14.375,2.47768302833222
14.3875,1.95780236802548
14.4,4.14198543759539
14.4125,6.15669335187319
14.425,6.11462763144515
14.4375,4.09722652318186
14.45,3.16482484258268
14.4625,5.41073527240008
14.475,7.42806265115495
14.4875,8.96839193687153
14.5,10.8970877845019
14.5125,13.0058928021559
14.525,14.0985524241088
14.5375,13.2873172934813
14.55,10.7596240212541
14.5625,7.6395729299212
14.575,5.08101530176938
14.5875,3.28501272393153
14.6,1.64676288063022
14.6125,0.859385368645253
14.625,3.10332669458056
14.6375,5.77922004703894
14.65,8.28418331138627
14.6625,9.92486238274149
14.675,10.3469182909625
14.6875,10.235151900537
14.7,10.6068383204504
14.7125,10.8508808199457
14.725,9.30795167531728
14.7375,5.75339283763331
14.75,5.85696239148754
14.7625,11.5031259382851
14.775,15.7042045873449
14.7875,15.9514743267809
14.8,12.0820637343885
14.8125,5.69448645434236
14.825,2.67857127155955
14.8375,7.08192765120754
14.85,8.92567756632567
14.8625,7.86763730180792
14.875,5.3699932881491
14.8875,3.27949134631474
14.9,2.2776638326395
14.9125,1.3723735105224
14.925,0.510285118972417
14.9375,2.11678825093281
14.95,3.82879887584552
14.9625,4.99425743539045
14.975,5.23001994111391
14.9875,4.52339115551341
15,4.77597200497349
15.0125,7.74062024454438
15.025,10.9032579129078
15.0375,12.0280946113855
15.05,10.3646146349539
15.0625,7.22014938096208
15.075,7.18321909062638
15.0875,10.4511470489761
15.1,12.0682183886985
15.1125,10.2871777208905
15.125,6.09933505235484
15.1375,4.81784320069766
15.15,8.56233000835293
15.1625,11.0006688534105
15.175,11.1495104601749
15.1875,11.5513717830628
15.2,15.1228036814252
15.2125,19.9452039906805
15.225,22.7509130945152
15.2375,21.8950877113918
15.25,17.635054537018
15.2625,12.1990151207516
15.275,9.37265283063185
15.2875,9.53055011464706
15.3,8.62760155741919
15.3125,6.13154950249626
15.325,6.00295957830898
15.3375,8.36414043310392
15.35,9.02472522557787
15.3625,7.1278116740867
15.375,5.07011988306799
15.3875,6.24565341026388
15.4,7.3793033272134
15.4125,5.89304945234628
15.425,3.2113885683199
15.4375,5.14326045836144
15.45,8.32440830547606
15.4625,9.80503344039166
15.475,10.0650674443792
15.4875,10.1573323930745
15.5,9.64669363754698
15.5125,7.43932131551778
15.525,4.46576098306895
15.5375,5.32214019490182
15.55,7.85724659240444
15.5625,8.24868272039037
15.575,7.04055025872551
15.5875,7.53444517710717
15.6,9.36248712728515
15.6125,8.76947890965473
15.625,4.44090470032165
15.6375,2.68988989780828
15.65,9.00762069006109
15.6625,12.2917170672995
15.675,11.3255613851164
15.6875,8.03776646662114
15.7,8.25802397745267
15.7125,11.3263664902148
15.725,12.1442832418234
15.7375,11.3682594473269
15.75,13.5040819327716
15.7625,17.8126775381919
15.775,19.5182066664074
15.7875,16.2777362689661
15.8,8.82355288609975
15.8125,2.36204310350454
15.825,8.18752865614874
15.8375,11.4798226357556
15.85,11.4809133376822
15.8625,11.016263380591
15.875,11.8267086356644
15.8875,11.7879354736131
15.9,9.06328470898522
15.9125,4.80051020278611
15.925,4.47619071064992
15.9375,6.72748796031777
15.95,6.49460291622205
15.9625,4.04476900260341
15.975,3.64055653321836
15.9875,6.27254892583138
16,7.5062901017693
16.0125,6.73668912592605
16.025,5.30391651516249
16.0375,4.71611981431799
16.05,4.60589106932067
16.0625,4.40688908579675
16.075,4.46588554346893
16.0875,4.28546446165132
16.1,3.32894355858912
16.1125,4.52422971564289
16.125,8.52928519039238
16.1375,12.004121897179
16.15,13.0906990105746
16.1625,11.2725494210445
16.175,7.25214730660811
16.1875,2.8077157210734
16.2,2.76339580117471
16.2125,4.73211780548749
16.225,5.2598029574519
16.2375,4.81911881790497
16.25,3.73506671049014
16.2625,2.00041899844964
16.275,2.6725183861572
16.2875,5.95215812251943
16.3,8.4544182379856
16.3125,8.84983739517842
16.325,7.09055052594102
16.3375,5.15330987166661
16.35,6.32397228774053
16.3625,8.5458595661041
16.375,8.85921734469918
16.3875,6.47456839074147
16.4,2.14696655918179
16.4125,2.58805285232567
16.425,5.74938392104569
16.4375,6.45247041161117
16.45,4.75729452729234
16.4625,2.19518472361518
16.475,3.24803802507468
16.4875,5.34548948905738
16.5,6.49987579298867
16.5125,7.57252065677742
16.525,8.91788842265668
16.5375,9.42267797282798
16.55,8.00091079956831
16.5625,4.70537014244942
16.575,1.34561197038171
16.5875,3.01588837559259
16.6,3.91685084595391
16.6125,2.78468052915737
16.625,1.86105799101902
16.6375,3.65001783236643
16.65,5.14981407334343
16.6625,6.4901164356035
16.675,8.91344991791689
16.6875,11.2917290898251
16.7,11.4716506374772
16.7125,8.62832801155479
16.725,4.58611349178177
16.7375,6.18508684750697
16.75,10.0630400086735
16.7625,11.1105772810331
16.775,8.69643735998856
16.7875,4.26808121586551
16.8,1.25103144565932
16.8125,3.40634415805898
16.825,5.69222379332892
16.8375,9.02736299702011
16.85,12.3570561615253
16.8625,13.4834783542841
16.875,11.1354215466219
16.8875,6.03167120068008
16.9,3.19454150446097
16.9125,6.67735754651621
16.925,8.12069088584265
16.9375,6.77879152946236
16.95,5.1015248583752
16.9625,5.69592808043854
16.975,5.84702068044629
16.9875,3.5141746951848
17,2.28848656449115
17.0125,5.95164752537403
17.025,7.74849428928629
17.0375,6.51897766998417
17.05,3.91917222028873
17.0625,5.20186559573562
17.075,7.87661487098289
17.0875,8.52367735434848
17.1,8.72049124535781
17.1125,11.5075069766927
17.125,14.9699242963235
17.1375,15.9126342064928
17.15,13.2965779477248
17.1625,8.43196802831796
17.175,5.96768722053183
17.1875,8.78315968497365
17.2,11.1986784596368
17.2125,11.4941786032563
17.225,10.1955844235812
17.2375,7.82551741665112
17.25,4.37349936510889
17.2625,0.462647657213654
17.275,4.33327557331787
17.2875,7.05073699933559
17.3,7.19854380540952
17.3125,4.98499895558905
17.325,2.28349459484232
17.3375,2.8036853825938
17.35,3.46249544293082
17.3625,2.08008947040394
17.375,1.48111358433556
17.3875,4.4916251156627
17.4,6.18937504050733
17.4125,5.44588345727221
17.425,2.35186446675599
17.4375,2.91019979590951
17.45,8.2381955956798
17.4625,13.0897081992092
17.475,16.2862257387214
17.4875,16.8256043692086
17.5,14.2123318600327
17.5125,8.9513355957557
17.525,3.27116926096959
17.5375,5.23392018446023
17.55,8.83097785890192
17.5625,9.77531308901376
17.575,8.41646227476679
17.5875,6.32198186411308
17.6,4.85101123994624
17.6125,3.82289274118934
17.625,4.07364571243118
17.6375,6.77250657516963
17.65,9.71831606282193
17.6625,11.1698406587341
17.675,10.5736780011713
17.6875,8.53958361252553
17.7,6.49091886328637
17.7125,5.41122136221033
17.725,4.89487127073324
17.7375,4.47517915641325
17.75,4.07887328839452
17.7625,4.01135253351895
17.775,5.92747979810433
17.7875,9.82081804662656
17.8,13.6327271242388
17.8125,15.3539976076338
17.825,13.87317564418
17.8375,9.49964759610764
17.85,3.77188339858709
17.8625,1.45519641329393
17.875,4.41134545133424
17.8875,4.69168225650194
17.9,2.9603140550062
17.9125,1.32460645650854
17.925,2.05721947691107
17.9375,3.33521039616953
17.95,5.60685585361605
17.9625,8.06393298856387
17.975,9.14401262653739
17.9875,7.95728842644286
18,4.78849222662897
18.0125,2.46955051504065
18.025,4.88842433087981
18.0375,6.54046927987556
18.05,6.06617041332944
18.0625,4.20168593344761
18.075,2.46196320544008
18.0875,2.18648541512642
18.1,3.00150548697857
18.1125,4.6612849744711
18.125,6.44848072763565
18.1375,7.07921952245887
18.15,5.91484436237835
18.1625,3.5295613241492
18.175,2.21169749117556
18.1875,3.19209455508531
18.2,3.38379322666395
18.2125,2.94897301826721
18.225,4.58797675981724
18.2375,7.17390088794813
18.25,8.49834587008514
18.2625,7.78314663101645
18.275,5.33076790637188
18.2875,2.22654570399961
18.3,2.40295191532802
18.3125,5.02758727903871
18.325,7.01573251269452
18.3375,8.22140707608792
18.35,8.96943096607063
18.3625,9.8692938076145
18.375,11.2112492992277
18.3875,12.426582456084
18.4,12.5337737523552
18.4125,10.8267230794561
18.425,7.33597380129803
18.4375,3.22873546124473
18.45,2.73551145080492
18.4625,4.68457736047163
18.475,4.92278442204282
18.4875,3.63536854326698
18.5,2.53074729422906
18.5125,3.53926684334192
18.525,4.83716022538578
18.5375,5.43212960954011
18.55,5.50667990531853
18.5625,5.1145892851269
18.575,4.14112977936019
18.5875,3.19428024478612
18.6,3.70012268528087
18.6125,5.60526814766317
18.625,7.9739611394283
18.6375,10.2164502459531
18.65,11.8195920595388
18.6625,12.2008626196069
18.675,10.830747136667
18.6875,7.76952570539567
18.7,4.12203561358445
18.7125,2.23654855930916
18.725,2.2229731386594
18.7375,0.541164882116618
18.75,3.50298082381391
18.7625,8.48452137689066
18.775,12.6397532180238
18.7875,14.3200150478508
18.8,12.9443452967071
18.8125,9.48358922564561
18.825,6.90414131109321
18.8375,8.18742144615341
18.85,10.5074401753103
18.8625,11.4484822727817
18.875,11.047749820852
18.8875,10.2623271931218
18.9,9.74888666193732
18.9125,9.56805315387371
18.925,9.801245727073
18.9375,10.3872705262542
18.95,10.5417881405802
18.9625,9.28375368795598
18.975,6.39374985363241
18.9875,3.44768827724437
19,4.99162330034432
19.0125,8.05284330314898
19.025,9.56324808983171
19.0375,8.9009581022796
19.05,6.34238100004598
19.0625,2.8792404723678
19.075,2.1473597126894
19.0875,5.01019182707747
19.1,7.30708381598587
19.1125,8.58665456532977
19.125,8.78324130592627
19.1375,8.06968553689283
19.15,6.81181086174689
19.1625,5.41331341216768
19.175,4.18438857618329
19.1875,3.29041660161017
19.2,2.85023961090918
19.2125,2.77301857418919
19.225,2.50652802556561
19.2375,1.63496178200948
19.25,0.322436844282725
19.2625,0.954798789170438
19.275,1.30076312740917
19.2875,0.642409845923478
19.3,3.0576572376987
19.3125,6.74726682703222
19.325,9.78396115745339
19.3375,10.6401581065856
19.35,8.56837536346097
19.3625,4.19024111886637
19.375,3.70548103399682
19.3875,8.39458743385033
19.4,10.7227473142563
19.4125,9.2302190485372
19.425,4.39971328742781
19.4375,3.19122154520313
19.45,9.21262031527046
19.4625,13.0494765791796
19.475,13.3978554278779
19.4875,10.4521645193874
19.5,5.58902616369065
19.5125,0.667756496895398
19.525,2.8365797537437
19.5375,4.39012779816025
19.55,4.71528309465529
19.5625,5.73101782973259
19.575,8.01073093746193
19.5875,10.0416982766141
19.6,10.4490034310934
19.6125,8.50572624055161
19.625,4.25140076250497
19.6375,1.39750764750748
19.65,6.56692326889772
19.6625,9.62635753748233
19.675,9.54916474678248
19.6875,6.4623593137635
19.7,1.83652922901634
19.7125,3.88986475122899
19.725,7.00281174823204
19.7375,7.56242731425526
19.75,6.37253942236847
19.7625,5.89563751622104
19.775,7.04360351367071
19.7875,7.82999235596075
19.8,7.20776082664005
19.8125,5.56918891077833
19.825,3.90345809375906
19.8375,2.57753429540213
19.85,1.02932100679033
19.8625,0.922900909112151
19.875,2.66508918963255
19.8875,3.74651659040003
19.9,4.49319832092299
19.9125,5.63948848844484
19.925,6.72394713177203
19.9375,6.41739986604049
19.95,3.96191822327286
19.9625,1.04853603683074
19.975,5.48140205911696
19.9875,9.26586157347414
20,10.6254532416232
20.0125,9.01414453216807
20.025,5.02146358823315
20.0375,1.50697344280465
20.05,5.12849171352681
20.0625,8.07553992624422
20.075,9.64936793378306
20.0875,10.6797952101761
20.1,11.613682001823
20.1125,11.871456717288
20.125,10.67958723702
20.1375,7.95986305096636
20.15,4.43854228316924
20.1625,1.40984204284565
20.175,1.8019985333656
20.1875,2.72829512269533
20.2,2.70871840622939
20.2125,2.13127961546147
20.225,1.2752948442838
20.2375,1.00512704592302
20.25,2.78087062240419
20.2625,5.0878380970971
20.275,7.23635739050753
20.2875,8.8106421048413
20.3,9.62013682973487
20.3125,9.68597893346575
20.325,9.17358743765435
20.3375,8.31796434379947
20.35,7.36570958333569
20.3625,6.49873354286217
20.375,5.77163632655238
20.3875,5.26838231270644
20.4,5.43882895719367
20.4125,6.64486513924662
20.425,8.21586322022367
20.4375,9.02570359136989
20.45,8.28849169922352
20.4625,5.81087090204039
20.475,2.24064160484937
20.4875,3.49391533878888
20.5,7.46665155790345
20.5125,9.97135190008135
20.525,10.2496978382484
20.5375,8.46459028750741
20.55,5.54531459738812
20.5625,3.39126996805206
20.575,4.20111819066546
20.5875,5.82829622166048
20.6,7.04276315408811
20.6125,8.06626627728232
20.625,8.83256214356237
20.6375,9.04517603051168
20.65,8.80260357929203
20.6625,8.5155950002398
20.675,8.46510177039727
20.6875,8.48926736719075
20.7,8.15110448720337
20.7125,7.52938222558618
20.725,7.50111645923891
20.7375,8.33794276118219
20.75,9.06526259260519
20.7625,8.85890300993728
20.775,7.54617757687893
20.7875,5.47360166658838
20.8,4.05769588907303
20.8125,5.56088064994416
20.825,8.28574520482795
20.8375,10.1095902709467
20.85,10.1365603770507
20.8625,8.33893313117925
20.875,5.81540252734341
20.8875,5.34304137597884
20.9,7.22550325410436
20.9125,8.3443006725819
20.925,7.39691023073536
20.9375,4.58422459181356
20.95,1.08543620506423
20.9625,2.79209103102762
20.975,4.86450564370747
20.9875,5.12698685469988
21,3.85531462337048
21.0125,2.52867532357991
21.025,3.05475810243
21.0375,3.99659061081456
21.05,4.40121507932429
21.0625,4.71407958811823
21.075,5.29546823616735
21.0875,5.69275664124519
21.1,5.17990210581705
21.1125,3.51321887932414
21.125,1.71285162307753
21.1375,2.84321041040984
21.15,4.45830500361731
21.1625,4.99020400647087
21.175,4.48071625685974
21.1875,3.48404826097208
21.2,3.10992213097408
21.2125,4.28147502596673
21.225,5.91968723293649
21.2375,6.56214747510999
21.25,5.20959909343439
21.2625,1.70872673248146
21.275,3.47330635694025
21.2875,8.32005849879873
21.3,11.2344624239269
21.3125,10.8781887335554
21.325,7.21392618588944
21.3375,2.67278329690463
21.35,5.38306058437581
21.3625,8.19555343760945
21.375,7.58222907958883
21.3875,4.1964026276896
21.4,3.37633610103189
21.4125,6.54210294538482
21.425,7.28368928368729
21.4375,5.74518470408056
21.45,7.44450294391868
21.4625,12.4365966383792
21.475,15.7714059383523
21.4875,15.3532390797733
21.5,11.2470181889146
21.5125,5.21740156752831
21.525,0.886488449077894
21.5375,3.07661377029854
21.55,2.45192338372785
21.5625,1.98086771279526
21.575,5.13900753316788
21.5875,7.03560478108574
21.6,6.15448129424938
21.6125,2.7684789744335
21.625,2.77968229457939
21.6375,6.58232446960073
21.65,8.26217000696781
21.6625,7.42833184192391
21.675,5.19584603802234
21.6875,4.13352241838757
21.7,5.52112282605706
21.7125,7.03151901479847
21.725,7.88117474769399
21.7375,8.51467385755343
21.75,9.30365716774588
21.7625,10.1274379832315
21.775,10.5803257214764
21.7875,10.1910845925398
21.8,8.77815942688128
21.8125,7.00964478842106
21.825,6.54095241410505
21.8375,7.4255129605849
21.85,7.47806072625611
21.8625,5.56724475166018
21.875,2.18941893031501
21.8875,1.30680927386885
21.9,3.38299505344814
21.9125,3.23795919829292
21.925,1.0062747879767
21.9375,2.83166471507803
21.95,6.13240150225143
21.9625,7.93359201088694
21.975,7.81596143837034
21.9875,6.25231132635548
22,4.1382893242489
22.0125,2.36167154178742
22.025,1.65480737949433
22.0375,2.03673905784943
22.05,2.56632126675514
22.0625,2.5928464528727
22.075,2.18970157740278
22.0875,2.35428364445642
22.1,3.15285996024967
22.1125,3.48879328315346
22.125,2.83419192284196
22.1375,1.59204762849317
22.15,2.02140666254987
22.1625,3.43816096473884
22.175,4.06260111511089
22.1875,3.55727105246106
22.2,2.05778292653031
22.2125,0.917811069982329
22.225,2.57072711694111
22.2375,3.64904344696805
22.25,3.35722860570069
22.2625,1.76379094469003
22.275,1.04450836911392
22.2875,3.29149783872915
22.3,4.52806857333065
22.3125,4.07366824153173
22.325,2.62584994922921
22.3375,2.999354893273
22.35,4.71267632868841
22.3625,5.44295908152164
22.375,4.94419737698379
22.3875,4.34228598980866
22.4,4.62290328960498
22.4125,4.65056278887452
22.425,3.50678029963029
22.4375,2.72243988823157
22.45,4.52671990003918
22.4625,6.24718416504839
22.475,6.27552956846937
22.4875,4.63658058069349
22.5,2.59142427845177
22.5125,1.66563076199889
22.525,0.931969701042601
22.5375,1.92733683731972
22.55,4.75355446296416
22.5625,6.90808083252372
22.575,7.06817313135271
22.5875,4.78400422507503
22.6,1.14542002652062
22.6125,3.67147353427361
22.625,6.23858247149013
22.6375,6.69369276885135
22.65,6.03699950849967
22.6625,6.42262505362026
22.675,7.77378131117268
22.6875,8.05525710847495
22.7,6.41781171274293
22.7125,3.57467971045016
22.725,1.40920901534831
22.7375,2.07206342976342
22.75,3.99836854120674
22.7625,7.43292435341418
22.775,11.4777815285843
22.7875,14.4625782268928
22.8,15.1624193297752
22.8125,13.4276403790106
22.825,10.3063225808972
22.8375,8.04894685003473
22.85,8.5202881000114
22.8625,9.63201686373145
22.875,8.85415266977749
22.8875,5.62174207395271
22.9,0.728166197191643
22.9125,4.37573079058227
22.925,8.07328187078212
22.9375,9.15615039114106
22.95,7.42920701068519
22.9625,4.06433957546423
22.975,2.36100502646616
22.9875,3.92036207003736
23,4.53933821664885
23.0125,4.24532294278984
23.025,4.40650553561932
23.0375,4.68466520752126
23.05,4.01465193514214
23.0625,3.96516815883364
23.075,6.42974905032147
23.0875,8.83116935583391
23.1,9.27052206461819
23.1125,7.46191413585025
23.125,4.78134549061145
23.1375,3.98033556341751
23.15,4.19220969893317
23.1625,2.63228665038382
23.175,2.06106545190829
23.1875,6.08646172852888
23.2,9.22606296952982
23.2125,9.90279688244283
23.225,7.9403633956358
23.2375,4.72283592360037
23.25,3.48179350130373
23.2625,4.4980637147225
23.275,4.81420869140657
23.2875,5.3539918248086
23.3,7.49522498180287
23.3125,9.89267395128858
23.325,11.0356108773462
23.3375,10.5171710601178
23.35,8.86942756341116
23.3625,6.91660774730155
23.375,5.04647676712948
23.3875,3.11834888496982
23.4,1.00780180311009
23.4125,1.78777854278765
23.425,4.29105324935811
23.4375,6.31119077985143
23.45,7.08929084735126
23.4625,6.14922740471622
23.475,3.78683066285212
23.4875,2.09199572853374
23.5,3.68843069397751
23.5125,4.743167230718
23.525,3.95562413044012
23.5375,2.48081547687746
23.55,4.24095015569986
23.5625,7.0315120997915
23.575,8.66284951146702
23.5875,8.96732000541197
23.6,8.57605671106858
23.6125,8.11345437209904
23.625,7.61021825373762
23.6375,6.69613922312692
23.65,5.30694200857217
23.6625,3.95781354090903
23.675,3.33771073284963
23.6875,3.73639421365351
23.7,4.82886113327951
23.7125,5.94723034668007
23.725,6.45918870386005
23.7375,5.95252627306806
23.75,4.39158405121443
23.7625,2.35602673426309
23.775,2.07295655980332
23.7875,3.81622126237027
23.8,4.94610750224358
23.8125,4.48633874494055
23.825,2.50468328829247
23.8375,3.20509302051965
23.85,6.86400541270516
23.8625,9.48212850203139
23.875,9.82423484182394
23.8875,8.21008095559891
23.9,7.34088373052041
23.9125,9.37275752870852
23.925,11.3884532126116
23.9375,11.0361947872948
23.95,8.29349017119839
23.9625,4.91637154563044
23.975,3.55390156778903
23.9875,3.37909187887789
24,3.48380417961826
24.0125,6.72188767061159
24.025,10.6790326787686
24.0375,12.5515416380226
24.05,11.1113648238523
24.0625,7.04162322045255
24.075,4.84203899620387
24.0875,8.26185026647588
24.1,10.8862790713884
24.1125,10.8822787942587
24.125,9.51901498264472
24.1375,9.14616557537802
24.15,9.86562768682849
24.1625,9.69080953581703
24.175,7.81072494171199
24.1875,5.10736528015445
24.2,3.31207987260046
24.2125,2.74584395516975
24.225,1.83073562700106
24.2375,0.356919085877514
24.25,1.00009703341182
24.2625,1.20988480841371
24.275,0.229915128208621
24.2875,2.14586400133144
24.3,4.16088813014058
24.3125,4.95435202263747
24.325,4.00159732516582
24.3375,1.64237337003017
24.35,1.31445580378633
24.3625,3.7325528297785
24.375,5.29208691205259
24.3875,6.33296993289455
24.4,7.48313281208894
24.4125,8.57183064270358
24.425,8.85067087666391
24.4375,7.98694989253018
24.45,6.41823851041314
24.4625,5.09871919224373
24.475,4.54228993737619
24.4875,3.95007089224886
24.5,2.49780545456554
24.5125,1.61822496656416
24.525,4.14879074110545
24.5375,6.81153663770504
24.55,8.3994730383706
24.5625,8.43989162795435
24.575,6.84801048136782
24.5875,3.9171788698084
24.6,0.330211851646898
24.6125,3.04512043529657
24.625,5.38600897704948
24.6375,6.42021192630651
24.65,6.54038488721111
24.6625,6.66998806320847
24.675,7.50941153322898
24.6875,8.71057392770625
24.7,9.38228556896474
24.7125,8.95370428416923
24.725,7.53725563334273
24.7375,5.93751000612404
24.75,5.1993629728106
24.7625,5.36983088859619
24.775,5.47871926203255
24.7875,5.00478475158558
24.8,4.14896080527809
24.8125,3.23037983185204
24.825,2.06344011738505
24.8375,0.666076562829492
24.85,2.43409714591908
24.8625,5.15157949490911
24.875,7.86314652126044
24.8875,10.1194242024647
24.9,11.5496339683238
24.9125,12.0797675721794
24.925,11.8819323449368
24.9375,11.21438088885
24.95,10.5490589079801
24.9625,10.4934954937918
24.975,11.0848328411971
24.9875,11.7404473260364
25,12
